201001   -28.3
201002   -23.8
201003   -24.2
201004   -14.1
201005    -7.5
201006     0.1
201007     5.0
201008     5.6
201009     2.6
201010    -5.0
201011   -12.1
201012   -23.6
201101   -23.0
201102   -21.7
201103   -21.9
201104   -19.5
201105    -6.0
201106     0.7
201107     4.8
201108     5.2
201109     2.3
201110    -4.9
201111   -18.5
201112   -23.8
201201   -29.7
201202   -25.3
201203   -31.3
201204   -15.8
201205    -6.6
201206     2.1
201207     5.8
201208     7.0
201209     1.4
201210    -2.9
201211   -15.0
201212   -23.6
201301   -23.4
201302   -28.4
201303   -22.4
201304   -18.7
201305    -6.2
201306     2.6
201307     5.3
201308     3.2
201309    -1.2
201310    -4.1
201311   -13.9
201312   -19.7
201401   -21.8
201402   -22.4
201403   -21.3
201404   -16.6
201405    -4.0
201406     0.3
201407     2.7
201408     2.9
201409     0.8
201410    -6.0
201411   -12.3
201412   -21.9
201501   -23.7
201502   -22.0
201503   -24.6
201504   -14.9
201505    -2.6
201506     4.3
201507     4.1
201508     3.4
201509    -0.5
201510    -6.3
201511   -16.1
201512   -23.8
201601   -18.2
201602   -20.0
201603   -22.8
201604   -12.4
201605    -2.6
201606     1.9
201607     5.0
201608     3.1
201609     0.1
201610    -2.1
201611   -11.5
201612   -19.1
201701   -19.7
201702   -22.6
201703   -23.5
201704   -14.6
201705    -4.8
201706     0.5
201707     7.2
201708     4.5
201709     1.8
201710    -4.0
201711    -8.7
201712   -15.2
201801   -21.2
201802   -16.4
201803   -18.7
201804   -15.1
201805    -6.9
201806    -0.5
201807     5.2
201808     2.1
201809     1.5
201810    -3.7
201811   -13.5
201812   -21.9
201901   -23.7
201902   -15.7
201903   -15.2
201904   -15.0
201905    -3.1
201906     1.4
201907     8.5
201908     5.4
201909     4.6
201910    -2.1
201911    -9.1
201912   -18.2